0 th: [ 9 5 2 7 1 0 6 4 3 8 ]

1 th: [ 9 5 2 7 1 0 6 4 3 8 ]

2 th: [ 9 5 2 7 1 0 6 4 3 8 ]

3 th: [ 9 5 2 2 1 0 6 4 3 8 ]
4 th: [ 9 5 5 2 1 0 6 4 3 8 ]
5 th: [ 9 7 5 2 1 0 6 4 3 8 ]

6 th: [ 9 7 5 2 1 0 6 4 3 8 ]

7 th: [ 9 7 5 2 1 0 6 4 3 8 ]

8 th: [ 9 7 5 2 1 0 0 4 3 8 ]
9 th: [ 9 7 5 2 1 1 0 4 3 8 ]
10 th: [ 9 7 5 2 2 1 0 4 3 8 ]
11 th: [ 9 7 5 5 2 1 0 4 3 8 ]
12 th: [ 9 7 6 5 2 1 0 4 3 8 ]

13 th: [ 9 7 6 5 2 1 0 0 3 8 ]
14 th: [ 9 7 6 5 2 1 1 0 3 8 ]
15 th: [ 9 7 6 5 2 2 1 0 3 8 ]
16 th: [ 9 7 6 5 4 2 1 0 3 8 ]

17 th: [ 9 7 6 5 4 2 1 0 0 8 ]
18 th: [ 9 7 6 5 4 2 1 1 0 8 ]
19 th: [ 9 7 6 5 4 2 2 1 0 8 ]
20 th: [ 9 7 6 5 4 3 2 1 0 8 ]

21 th: [ 9 7 6 5 4 3 2 1 0 0 ]
22 th: [ 9 7 6 5 4 3 2 1 1 0 ]
23 th: [ 9 7 6 5 4 3 2 2 1 0 ]
24 th: [ 9 7 6 5 4 3 3 2 1 0 ]
25 th: [ 9 7 6 5 4 4 3 2 1 0 ]
26 th: [ 9 7 6 5 5 4 3 2 1 0 ]
27 th: [ 9 7 6 6 5 4 3 2 1 0 ]
28 th: [ 9 7 7 6 5 4 3 2 1 0 ]
29 th: [ 9 8 7 6 5 4 3 2 1 0 ]

